0.626569027788*end 0.137552758358*http://t 0.0980595730958*I 0.0843574094134*the 0.0534612313443*for
0.577878542499*end 0.140506730539*the 0.119914180678*http://t 0.0832805238793*The 0.078420022405*in
0.550300163555*end 0.162316140579*the 0.106421828402*http://t 0.0904893576674*game 0.0904725097956*in
0.638081032447*end 0.152284957479*http://t 0.0924151522161*iPad 0.0610935748862*RT 0.056125282972*the
0.628381197776*end 0.115594592802*RT 0.113308629759*http://t 0.0757692583106*to 0.0669463213522*for
0.6333572012*end 0.146095617838*http://t 0.0836519086754*the 0.0761044772661*to 0.0607907950206*RT
0.52442720974*end 0.140645381455*the 0.114987417402*The 0.111781162559*I 0.108158828844*Tribez
0.381821653083*end 0.237152775953*was 0.129671472352*RT 0.127113325078*to 0.124240773534*in
0.543751114299*end 0.131512736244*3 0.128401252755*http://t 0.105319882392*a 0.0910150143094*iPhone
0.364685517457*end 0.190633495831*the 0.149331419378*#gameinsight 0.148963570227*#ipadgames 0.146385997107*completed
0.609478905665*end 0.113951928612*RT 0.108548095781*to 0.0954476848897*http://t 0.0725733850513*for
0.60792142895*end 0.117771465132*http://t 0.108507572608*the 0.0852181455193*in 0.0805813877897*new
0.522019154582*end 0.135896502076*of 0.126665387432*RT 0.107765868711*his 0.107653087198*is
0.631757316476*end 0.133604061661*http://t 0.0909488868353*the 0.0878715304496*to 0.0558182045778*RT
0.635755461694*end 0.111410935905*RT 0.109295601007*http://t 0.0771590718939*the 0.0663789295007*to
0.618253618837*end 0.151649187871*Obama 0.0858316468129*a 0.0809692087362*Barack 0.0632963377426*RT
0.550380289098*end 0.120706346154*http://t 0.117519749733*iPad 0.10738113455*to 0.104012480464*RT
0.580467909615*end 0.159198018567*the 0.125698610366*http://t 0.0733388298213*I 0.0612966316308*in
0.65063156317*end 0.108708680102*RT 0.0979204794708*http://t 0.07153930589*and 0.0711999713678*to
0.555666352433*end 0.147557368134*the 0.132395435325*http://t 0.0925574076694*in 0.0718234364389*game