0.614192236052*end 0.1201936105*RT 0.112151295253*to 0.0777282920486*the 0.0757345661459*http://t
0.588292518076*end 0.137367498163*http://t 0.0926124729736*to 0.0909674334988*new 0.0907600772884*a
0.601482075497*end 0.148600786967*http://t 0.125337509459*the 0.0640689126489*in 0.0605107154272*game
0.675384151595*end 0.126675062021*http://t 0.0789866470157*the 0.0597003756529*RT 0.0592537637152*iPad
0.549323739082*end 0.154246499049*of 0.109731237595*the 0.100498237243*and 0.0862002870319*RT
0.58621805241*end 0.13956753973*the 0.0968444265445*to 0.0960864656442*I 0.0812835156709*a
0.473528743346*end 0.167627261637*http://t 0.131572388464*to 0.12769177417*RT 0.0995798323832*iPad
0.554166648393*end 0.153345467144*of 0.105250490104*http://t 0.0993906487788*Game 0.0878467455803*Thrones
0.617727667592*end 0.136824127042*RT 0.0898354468817*the 0.0782706239204*to 0.0773421345634*http://t
0.653271465817*end 0.120791270937*http://t 0.0779043198983*a 0.0747917820365*iPhone 0.0732411613112*the
0.659214513071*end 0.117874998364*http://t 0.11485916195*the 0.0547218734235*RT 0.0533294531921*of
0.656630881687*end 0.109187551778*http://t 0.106594247481*the 0.0644786875649*I 0.0631086314888*of
0.517642880818*end 0.151961977366*was 0.119735072683*in 0.10711468346*RT 0.103545385672*Obama
0.546090491087*end 0.158079702758*of 0.110310567224*Game 0.0999360494971*Thrones 0.0855831894335*http://t
0.644546196653*end 0.112510558485*http://t 0.104042263248*the 0.0721236133347*RT 0.0667773682795*to
0.54908584901*end 0.150472739392*the 0.119741467451*http://t 0.092273243495*in 0.0884267006523*The
0.581369669315*end 0.155099747826*RT 0.0985423549195*to 0.0919587446519*http://t 0.0730294832881*and
0.522582596114*end 0.155533063717*the 0.12993548564*I 0.104441990616*The 0.0875068639133*game
0.400767103737*end 0.185858064571*the 0.142064553946*#gameinsight 0.141348845309*#ipadgames 0.129961432437*quest
0.668759424983*end 0.152513305535*http://t 0.0827338814857*the 0.047999200976*a 0.0479941870202*RT