0.606962971625*end 0.120681955888*RT 0.0928787089255*the 0.091363943902*to 0.0881124196596*for
0.609116679543*end 0.120162881586*the 0.0985300826696*of 0.0911241400058*RT 0.0810662161952*to
0.614556917123*end 0.135598654397*http://t 0.0952072736942*the 0.093404287678*RT 0.0612328671077*of
0.409196542173*end 0.181175457406*the 0.142308705916*#ipadgames 0.140278477742*#gameinsight 0.127040816763*game
0.350298942544*end 0.25785344023*of 0.167566770624*Game 0.139751211798*Thrones 0.0845296348048*RT
0.60675732073*end 0.130936574647*http://t 0.126304898972*iPad 0.0696629856789*an 0.0663382199716*mini
0.594502635473*end 0.136729499358*the 0.091099925919*in 0.0902063343738*http://t 0.0874616048762*a
0.651893702832*end 0.126092100106*http://t 0.0991322311988*the 0.0665545314022*RT 0.0563274344606*to
0.646984836955*end 0.103586506524*http://t 0.0997746324678*the 0.0814670392592*RT 0.0681869847944*to
0.600420593286*end 0.13737036238*http://t 0.122918475411*the 0.0705739046246*The 0.0687166642989*I
0.51790202267*end 0.139435778122*iPad 0.128400982495*http://t 0.107994633865*mini 0.106266582848*an
0.579009890203*end 0.133929625826*the 0.130406920974*http://t 0.103862449289*in 0.0527911137091*game
0.601141232801*end 0.125755566172*the 0.0965402038086*http://t 0.0896902579553*RT 0.086872739263*Obama
0.591173551069*end 0.15442329469*the 0.0912742533134*of 0.0859719718938*RT 0.0771569290337*I
0.587821878971*end 0.129495173859*the 0.126194227882*http://t 0.0948640807481*in 0.06162463854*The
0.643559181411*end 0.0996343216222*http://t 0.0963173394028*the 0.0825350567246*to 0.0779541008393*RT
0.635473196533*end 0.127698039206*the 0.117075883233*http://t 0.0629851677941*RT 0.0567677132342*in
0.637403989739*end 0.121444484277*the 0.113253538014*http://t 0.0639963787825*to 0.0639016091877*a
0.663038618351*end 0.133219050374*http://t 0.0920476725211*the 0.0576171201832*to 0.054077538571*RT
0.4122996229*end 0.165500408041*iPhone 0.16272864587*to 0.160554180275*RT 0.0989171429138*chance