0.355695035593*end 0.183946204659*the 0.159198768551*#ipadgames 0.156858953031*#gameinsight 0.144301038166*completed
0.655108306277*end 0.099660088122*http://t 0.0888860379546*RT 0.0823332178622*the 0.0740123497842*to
0.571863720964*end 0.153604092622*the 0.114136268771*http://t 0.0806730957313*The 0.0797228219121*I
0.652433373644*end 0.144513844735*http://t 0.081659622745*RT 0.0613097538575*the 0.0600834050193*to
0.61311428499*end 0.116436988973*to 0.10809271109*RT 0.0915993942349*http://t 0.0707566207117*a
0.634193313169*end 0.112539894062*http://t 0.105935169318*the 0.0829481018324*RT 0.0643835216193*of
0.507801762598*end 0.167404523327*the 0.112069599454*in 0.107844390238*http://t 0.104879724383*game
0.47345284903*end 0.19923168861*of 0.130720282606*Game 0.123499050532*Thrones 0.0730961292225*to
0.591931376607*end 0.134438777309*the 0.120137233764*http://t 0.0880286128528*in 0.0654639994661*The
0.61362268954*end 0.10317298073*RT 0.101068559702*to 0.0983132034478*http://t 0.08382256658*of
0.602756923024*end 0.136803579195*http://t 0.0990090317274*RT 0.0897656885019*to 0.0716647775516*iPad
0.649262529961*end 0.139627145313*http://t 0.0747417145886*RT 0.0745122402804*iPhone 0.0618563698565*to
0.613282625499*end 0.110246750996*the 0.0974036309484*to 0.0904330297913*RT 0.088633962766*http://t
0.593343189802*end 0.14967615104*http://t 0.130442523004*the 0.0747167166247*in 0.0518214195297*game
0.60302855006*end 0.147946665065*http://t 0.118867906698*the 0.0706967683406*in 0.059460109837*The
0.580085905682*end 0.147824086696*the 0.121645004785*http://t 0.0754576605724*The 0.0749873422652*in
0.585216222197*end 0.147258998818*the 0.104349776137*I 0.0855209935823*http://t 0.077654009266*of
0.684491231775*end 0.122547123717*http://t 0.083504771342*for 0.0568450266213*Chanel 0.0526118465448*RT
0.579528796724*end 0.156812107842*the 0.106076969959*in 0.0984863855939*http://t 0.0590957398808*game
0.432765164082*end 0.196040080106*of 0.190210761432*the 0.0997599622405*RT 0.0812240321392*http://t