0.592132684501*end 0.117379138865*the 0.116983882365*of 0.0937659958996*http://t 0.079738298369*The
0.359744880299*end 0.212951208198*I 0.170473125417*want 0.133622120318*5s 0.123208665768*for
0.473023879619*end 0.181952497211*the 0.117823421322*completed 0.114399431679*http://t 0.11280077017*in
0.608563969306*end 0.154168417422*the 0.113530444466*http://t 0.0649271448697*in 0.0588100239372*The
0.668295703815*end 0.14985162321*http://t 0.0836187728181*the 0.0495429207909*in 0.0486909793662*The
0.587080927242*end 0.140567143865*the 0.131982565883*http://t 0.0771629097136*in 0.063206453297*The
0.428931636584*end 0.208492633221*the 0.121753176706*quest 0.120706486192*#gameinsight 0.120116067298*#ipadgames
0.606328177404*end 0.13518407234*the 0.099100437003*http://t 0.0833680617913*The 0.0760192514617*of
0.567022029923*end 0.113616816102*http://t 0.110678664449*RT 0.109254782264*an 0.0994277072616*iPad
0.648933472545*end 0.105860097218*http://t 0.0934927360414*the 0.0840200055002*RT 0.0676936886957*for
0.562207278584*end 0.177039756364*of 0.0939584863517*Game 0.0838690569091*http://t 0.082925421791*Thrones
0.685768949412*end 0.158199313488*http://t 0.0551277924709*iPad 0.0546656912948*- 0.0462382533341*Apple
0.601809252933*end 0.16570013375*the 0.0912730034163*http://t 0.0760140034807*I 0.06520360642*of
0.447882923679*end 0.144441686171*Tribez 0.140087915547*#iPad 0.134188246363*the 0.13339922824*#ipadgames
0.611354731086*end 0.119883406241*of 0.0980872114556*http://t 0.0942064586291*RT 0.0764681925878*the
0.601077103298*end 0.114350087496*RT 0.112105422512*http://t 0.100784128215*to 0.0716832584801*the
0.657516757102*end 0.152157764057*http://t 0.077103832826*the 0.0636142562257*RT 0.0496073897894*to
0.561549453491*end 0.12710917603*RT 0.116506364498*to 0.101170822258*a 0.0936641837237*the
0.61991446228*end 0.124779597186*the 0.120787466327*http://t 0.0673648547238*The 0.0671536194836*I
0.602832288253*end 0.125517689272*the 0.102840380207*I 0.0918201832123*RT 0.0769894590555*http://t