0.631192047864*end 0.102281080785*http://t 0.0962250280961*RT 0.0874951719532*the 0.0828066713016*to
0.396884015578*end 0.211724338661*the 0.138731815134*i 0.131748531054*RT 0.120911299573*who
0.545371749341*end 0.133785657005*RT 0.115988085691*to 0.102874613358*5s 0.101979894604*an
0.648796875299*end 0.144889333519*http://t 0.0814725793191*RT 0.0663442868341*to 0.0584969250287*the
0.638238192485*end 0.116368892507*http://t 0.0835849056179*the 0.0816392083419*RT 0.0801688010478*of
0.618722019389*end 0.123665792032*the 0.0896502591734*http://t 0.0843034838384*of 0.0836584455677*RT
0.644074427849*end 0.113321106632*the 0.112593997007*http://t 0.0656102395367*I 0.0644002289748*to
0.499613345942*end 0.131507592538*in 0.125219825522*game 0.122090764108*to 0.121568471891*RT
0.505856615964*end 0.151747099371*the 0.122659009422*The 0.110023467983*Tribez 0.10971380726*#iPad
0.631611784056*end 0.130785521039*the 0.0907617747003*http://t 0.0807388450616*RT 0.0661020751426*of
0.451130113607*end 0.18218884002*the 0.130518512743*#gameinsight 0.128100942153*#ipadgames 0.108061591478*in
0.613076533618*end 0.134505304725*the 0.112733100927*http://t 0.0700588194488*of 0.0696262412809*I
0.621623468237*end 0.115470044387*RT 0.0957884377723*the 0.0857355879705*http://t 0.0813824616332*about
0.523914891577*end 0.182410140853*of 0.108763430901*Game 0.0933746750152*Thrones 0.0915368616536*the
0.56773490896*end 0.137800219485*the 0.130762204335*http://t 0.090105065072*in 0.073597602148*game
0.592179524931*end 0.130661590937*http://t 0.12149639659*iPad 0.0803523564676*RT 0.0753101310743*mini
0.461223659235*end 0.184800889885*the 0.118782737287*#gameinsight 0.118117255426*#ipadgames 0.117075458167*in
0.603927710687*end 0.124070582695*the 0.10586781875*of 0.0857553153833*http://t 0.0803785724847*RT
0.556805117664*end 0.18084000331*the 0.109393507551*I 0.0788013421241*of 0.0741600293508*to
0.636146254916*end 0.144286317229*http://t 0.0961752330287*the 0.0634143440227*The 0.0599778508043*in