0.56192519588*end 0.154334622637*RT 0.0981909272801*to 0.0930339598292*http://t 0.0925152943745*of
0.37354827426*end 0.166854960046*the 0.164884539519*#ipadgames 0.159442602178*#gameinsight 0.135269623996*game
0.603698388996*end 0.131216265634*http://t 0.110106686194*of 0.0825863447408*a 0.0723923144352*the
0.552530805041*end 0.143995458723*the 0.127374917134*I 0.0888942348241*a 0.0872045842778*The
0.635407706537*end 0.12862907087*http://t 0.0983890568639*the 0.0800054906374*RT 0.0575686750919*of
0.498066004821*end 0.198775211836*the 0.101534154098*#gameinsight 0.101273097624*in 0.100351531621*#iPad
0.618394048149*end 0.10087188061*http://t 0.100305644855*RT 0.0985400111431*in 0.0818884152429*to
0.607066797397*end 0.123832367931*RT 0.102144153234*the 0.0916014710745*of 0.0753552103633*http://t
0.617426314718*end 0.130359279356*the 0.124196970675*http://t 0.0659664103341*I 0.0620510249167*of
0.620089745855*end 0.142898106349*the 0.13393934244*http://t 0.0568525522033*in 0.0462202531529*The
0.611801015886*end 0.137309092702*RT 0.0956189796341*of 0.0784288821077*was 0.0768420296705*to
0.614974561716*end 0.117494288538*http://t 0.108797068926*the 0.0824637869017*to 0.0762702939175*a
0.567401432706*end 0.121256038355*the 0.107985103627*RT 0.102380530765*I 0.100976894546*of
0.61705353042*end 0.138498383151*http://t 0.107125204559*the 0.0688904395229*in 0.0684324423471*#gameinsight
0.615809044283*end 0.114290892179*the 0.106159946374*http://t 0.0953169385425*of 0.0684231786214*to
0.638192766567*end 0.121744815578*http://t 0.11885178836*the 0.0606078145386*in 0.0606028149568*RT
0.53482199144*end 0.182780524311*the 0.117612653963*http://t 0.085090377547*The 0.0796944527393*in
0.633186069477*end 0.114021687082*http://t 0.0928716642852*RT 0.0928566333035*the 0.0670639458522*of
0.593163337173*end 0.129187384707*RT 0.108232642515*of 0.090917658264*http://t 0.078498977341*to
0.613712390381*end 0.128705912705*the 0.120495585173*http://t 0.0785895767539*I 0.0584965349876*a