0.520948656706*end 0.160153747341*5 0.113305044454*iPhone 0.103801111837*http://t 0.101791439663*for
0.609388427191*end 0.136535336539*RT 0.104865406061*http://t 0.0864202173752*to 0.0627906128339*for
0.682241531074*end 0.16306681766*http://t 0.064788666818*the 0.0465722674759*RT 0.0433307169722*-
0.46637882512*end 0.172371695555*the 0.12413538386*#gameinsight 0.123437531344*#ipadgames 0.113676564121*Tribez
0.509521452798*end 0.173158775518*the 0.114047627231*http://t 0.107338195304*in 0.0959339491494*completed
0.662029109158*end 0.144643390584*http://t 0.0808297480283*the 0.0618507875293*RT 0.0506469646999*to
0.554014318407*end 0.170604757713*the 0.117246895351*of 0.095094891257*I 0.063039137272*http://t
0.544654865781*end 0.210263851836*5 0.0842637012282*RT 0.0818028061756*http://t 0.0790147749788*iPhone
0.333437879846*end 0.211907593982*I 0.171635737027*iPhone 0.144866835824*want 0.138151953321*for
0.6553479405*end 0.119868707563*http://t 0.0976022318138*RT 0.0690962130398*to 0.0580849070833*5
0.68260121611*end 0.121855224519*http://t 0.0697636505165*5 0.0631300746368*RT 0.0626498342173*-
0.583254224869*end 0.145929983744*http://t 0.115661807043*of 0.0817827875611*Game 0.0733711967836*Thrones
0.604550719841*end 0.141213180539*the 0.103985603177*http://t 0.0783036157538*I 0.0719468806884*in
0.607233184797*end 0.136786612765*the 0.0882658700278*RT 0.0874521659678*I 0.0802621664429*to
0.538509914176*end 0.182431363398*of 0.103018360006*Game 0.0974924306235*Thrones 0.0785479317959*RT
0.651203751358*end 0.104042088409*http://t 0.0872412649397*RT 0.0861330130954*the 0.0713798821982*to
0.647852977954*end 0.135686956045*http://t 0.0822467214637*RT 0.0689700885123*of 0.0652432560248*the
0.548178069121*end 0.160814312496*RT 0.107014454174*to 0.105489386321*http://t 0.0785037778878*mini
0.54347856327*end 0.160221890702*of 0.155596778001*the 0.0808861846052*http://t 0.0598165834216*game
0.563715008613*end 0.141252997181*the 0.133596630712*of 0.082789328115*to 0.0786460353796*http://t