0.21920834001*拍戏 0.199866863665*摒弃 0.195568522504*忙 0.194160213978*孔令辉 0.191196059842*分手
0.211866646505*紧张 0.2106671353*予疑 0.19830215694*摒弃 0.189628349061*出嫁 0.189535712194*票房
0.215646119478*男星 0.202291738606*张馨 0.198573653463*出嫁 0.19424810255*复工 0.189240385903*发言人
0.207087634658*光荣 0.200401256376*谈 0.198490757325*破 0.198204145628*节目 0.195816206013*票房
0.202337818272*春晚 0.202337818272*喜剧 0.199060634954*人海战术 0.198295723417*对不住 0.197968005085*宣布
0.214929355473*春晚 0.209358617394*纪录 0.201762409308*复工 0.186974808912*节目 0.186974808912*破
0.210867868039*刘德华 0.20113545983*梁朝伟 0.200233917615*马 0.195458160678*节目 0.192304593837*舞蹈
0.35544246949*春晚 0.217324356071*我是歌手 0.164147996423*直通 0.131962467251*华晨 0.131122710765*宇
0.210952898911*冯小刚 0.203416006091*刘德华 0.197118792899*喜剧 0.195782544023*林依晨 0.192729758075*侵案
0.206251731393*纪录 0.200622927008*节目 0.199844268248*否认 0.197160141656*复工 0.196120931695*票房
0.215966649909*韩性 0.205076092624*张馨 0.195201012034*马 0.193631899737*予疑 0.190124345695*侵案
0.231813692454*春晚 0.207822056327*马 0.188212414743*节目 0.187555082329*发言人 0.184596754147*票房
0.364806800843*春晚 0.194003565068*马 0.176638190047*央视 0.133496668124*主持 0.131054775917*郭德纲
0.400230112824*我是歌手 0.197614406058*邓紫棋 0.143439937823*曹格 0.136514473181*唱 0.122201070113*周笔畅
0.20977339988*变化 0.205048582449*破 0.199378801531*对不住 0.193709728452*张馨 0.192089487688*梁朝伟
0.203143737418*喜剧 0.200393173676*发言人 0.200235483699*拍戏 0.199135408383*凯特 0.197092196824*韩性
0.215070322236*订制 0.199563824105*林依晨 0.196524686962*梁朝伟 0.195667171088*男星 0.193173995609*冯小刚
0.222324802427*宣布 0.199852284505*复合 0.193840523524*私人 0.192915859148*变化 0.191066530395*梁朝伟
0.494609660383*春晚 0.176823873598*中国 0.119944419416*卫视 0.104399224911*节目 0.104222821692*录制
0.206137038969*出嫁 0.201083244228*紧张 0.198465560125*摒弃 0.197563457043*怀 0.196750699634*喜剧