0.239808427455*时间 0.221466910093*北京 0.182745103864*欧冠 0.182745103864*欧冠 0.173234454724*官方
0.369783786671*兰州 0.175828611196*事件 0.157700416135*问题 0.154776421646*自来水 0.141910764352*PX
0.483796769846*我是歌手 0.178953293053*歌手 0.150437587045*巅峰 0.0959986076377*音乐 0.0908137424193*张杰
0.337629804201*连城 0.330290381042*宫锁 0.114859031444*陆毅 0.109304793892*袁姗姗 0.10791598942*剧情
0.522183617182*文章 0.139888370799*姚笛 0.131597721905*出轨 0.127160787768*中国 0.0791695023462*奶茶
0.259247278965*兰州 0.198166142815*超标 0.197078006121*自来水 0.177650108358*含量 0.167858463741*水务
0.270586155609*XP 0.247181037388*美剧 0.246039200528*美剧 0.123448634892*文章 0.112744971583*美国
0.365780739077*我是歌手 0.318967911594*喜欢 0.108119115156*时间 0.105041267778*感觉 0.102090966395*文章
0.226726273224*自来水 0.205688303702*含量 0.198504631735*兰州 0.189708187402*兰州市 0.179372603937*检测
0.229925468539*兰州 0.21773668121*自来水 0.216761706744*超标 0.179610931281*污染 0.155965212226*自流
0.390612299972*兰州 0.172067407933*兰州市 0.170726525931*自来水 0.167598202841*政府 0.098995563323*事件
0.268584655265*篇文章 0.192269825157*下载 0.183223864655*地址 0.182237209931*阅读 0.173684444992*推荐
0.290573806571*兰州 0.238195169062*自来水 0.197696125773*超标 0.173996489039*市民 0.0995384095552*政府
0.246500859232*中国 0.235377995657*文章 0.208109022606*事件 0.179404531951*兰州 0.130607590552*美国
0.279979190863*马航 0.19660946389*失联 0.187362380994*马来西亚 0.176427527184*MH370 0.159621437068*客机
0.346055505867*马航 0.211314631884*失联 0.179657601883*飞机 0.133600433567*MH370 0.129371826799*搜寻
0.294840482402*马航 0.211019710955*飞机 0.178487907575*失联 0.161782421693*信息 0.153869477375*小时
0.318279633852*文章 0.197591875248*发表 0.194854888361*兰州 0.189655509581*希望 0.0996180929581*内容
0.299257602283*欧冠 0.299192011888*欧冠 0.151745945016*决赛 0.125228033563*皇马 0.124576407249*拜仁
0.389075970742*打车 0.19417041315*司机 0.16472857622*文章 0.133372882243*出租车 0.118652157645*软件