0.352909302048*变形金刚 0.212426656577*中国 0.171348136635*广告 0.132643544427*绝迹 0.130672360312*重生
0.370115425478*狗肉 0.215086584114*玉林 0.157832906165*沛县 0.130336792696*声援 0.126628291547*增办
0.3475279035*世界杯 0.233397366319*巴西 0.158427983371*比赛 0.134674476233*德国 0.125972270577*时间
0.382254184782*变形金刚 0.193180230212*电影 0.165135792467*重生 0.153583972768*绝迹 0.105845819771*擎天柱
0.308578892294*世界杯 0.221510540367*免费 0.165813048028*小伙伴 0.15761850889*流量 0.146479010422*排名
0.362666790499*世界杯 0.238084132745*小伙伴 0.146309830528*围观 0.136556006204*现金 0.116383240024*大奖
0.295261845387*世界杯 0.294483090519*巴西 0.151786031996*智利 0.133074040046*乌拉圭 0.125394992052*哥伦比亚
0.540998120497*高考 0.150617931864*考生 0.13529305096*成绩 0.0963521432945*教育 0.0767387533841*理科
0.214026400369*红包 0.203623856684*世界杯 0.197896091562*大奖 0.193804584965*现金 0.190649066421*中大奖
0.21219838821*竞猜 0.209707778956*世界杯 0.206663675387*参与 0.186572960363*下注 0.184857197085*选择
0.202440722623*世界杯 0.200637088984*巴西 0.199831032403*免费 0.19914042508*加入 0.19795073091*小伙伴
0.210269566498*中奖 0.208644603315*福利 0.208574316545*中大奖 0.199062173669*红包 0.173449339974*小伙伴
0.368075217043*世界杯 0.187614133382*观看 0.169811675427*巴西 0.13968405613*高清 0.134814918017*德国
0.206100679172*红包 0.203513879869*现金 0.197933391097*站队 0.196257868509*佩戴 0.196194181353*国旗
0.546146715924*高考 0.136609975267*大学 0.119249928715*志愿 0.102402956164*成绩 0.0955904239296*学校
0.288444535206*德国 0.265238514641*世界杯 0.158623673603*巴西 0.153601877405*阿根廷 0.134091399144*夺冠
0.206692379699*沛县 0.206692379699*举办 0.199227701763*徐州 0.198198219834*原本 0.189189319005*江苏
0.215665395865*围观 0.209673943267*现金 0.208932576657*小伙伴 0.207118666065*世界杯 0.158609418147*大奖
0.257860145507*世界杯 0.245814296264*参与 0.170579917143*大奖 0.17027381933*竞猜 0.155471821756*土豪
0.216813564877*球迷 0.210531996995*支持 0.198333267018*选择 0.189958828055*俱乐部 0.184362343054*国旗