0.298012741739*世界杯 0.219096192298*荷兰 0.184315942829*墨西哥 0.153899469006*点球 0.144675654129*比赛
0.283354537308*世界杯 0.263810475428*免费 0.15945501439*活动 0.147699616733*发现 0.145680356141*地址
0.251605159353*世界杯 0.19507257979*德国 0.190884941954*预测 0.187116174147*足彩 0.175321144756*体验
0.265485278795*观看 0.221991174198*高考 0.206597464499*高清 0.171167052336*资讯 0.134759030172*爱奇艺
0.289567745318*徐才厚 0.192339565892*开除党籍 0.174109199511*中国 0.17401741445*擎天柱 0.16996607483*地方
0.327499038364*世界杯 0.2609904385*大奖 0.15261856462*竞猜 0.148138069571*参与 0.110753888946*土豪
0.400874161512*世界杯 0.201971397152*狗肉 0.136035675498*活动 0.130997418149*德国 0.13012134769*明星
0.211719542228*现金 0.210879327828*围观 0.205171664494*小伙伴 0.192106692742*世界杯 0.180122772708*大奖
0.217067884204*球迷 0.20479994422*支持 0.196212266017*关注 0.191918426915*俱乐部 0.190001478644*选择
0.313743726307*高考 0.214985223785*德国 0.180868573454*中国 0.1678094802*大学 0.122592996253*结束
0.428901525491*变形金刚 0.165595435531*中国 0.152043711736*电影 0.12956353257*广告 0.123895794672*重生
0.20481501815*选择 0.202400340325*点击 0.201950664166*好友 0.199796443446*竞猜 0.191037533914*参与
0.242319881997*阿尔及利亚 0.228791210195*德国 0.210080520713*世界杯 0.163513027413*法国 0.155295359683*尼日利亚
0.26522729761*世界杯 0.213982915916*球迷 0.200344415256*手机 0.162473764545*关注 0.157971606672*官方
0.358244940335*世界杯 0.24960911115*巴西 0.167985655943*德国 0.128663801191*荷兰 0.0954964913817*足球
0.605762016217*高考 0.143128603399*成绩 0.0893765066351*人生 0.0816978102416*孩子 0.0800350635078*大学
0.416880738226*高考 0.16841120405*志愿 0.151148753485*专业 0.137556434396*考生 0.126002869842*填报
0.253936467569*世界杯 0.223031094886*巴西 0.179815958847*小伙伴 0.173115869505*天气 0.170100609193*队伍
0.435555338027*高考 0.215502157358*考生 0.123389246707*志愿 0.116530974642*学校 0.109022283266*成绩
0.221073640356*变形金刚 0.205386270549*安全 0.200580267914*地球 0.200398960033*携手 0.172560861148*安全卫士