0.230183995558*现金 0.220888724028*关注 0.204664407131*巴西 0.172384926597*站队 0.171877946686*佩戴
0.27674942721*球迷 0.196878062941*支持 0.195362329698*关注 0.174447187869*巴西 0.156562992282*选择
0.223112879525*世界杯 0.211257213642*竞猜 0.198893451337*参与 0.188392874642*下注 0.178343580854*好友
0.438460407384*变形金刚 0.162696170514*电影 0.15797684366*中国 0.124790798263*广告 0.11607578018*擎天柱
0.298124295556*世界杯 0.232699176141*决赛 0.167004053775*法国 0.153379397049*时间 0.148793077479*阿尔及利亚
0.31098221394*状元 0.245619100111*高考 0.173517755439*中国 0.172170459218*高考状元 0.0977104712912*变形金刚
0.260259846125*小伙伴 0.243032228735*世界杯 0.240162036569*免费 0.132241841487*排名 0.124304047084*流量
0.305250661887*德国 0.237731820191*阿尔及利亚 0.177995791735*法国 0.151058819017*德国队 0.127962907171*世界杯
0.207820533055*参加 0.198920055206*世界杯 0.198690029651*围观 0.198229978542*小伙伴 0.196339403545*现金
0.306138301801*世界杯 0.247375494886*德国 0.181766302247*比赛 0.156207435525*阿尔及利亚 0.10851246554*法国
0.329958412171*世界杯 0.208859902039*巴西 0.184579288009*阿根廷 0.153371967532*德国 0.12323043025*预测
0.201021875239*盛会 0.200712075959*福特 0.200712075959*长安 0.199086496711*队伍 0.198467476133*申领
0.382818735893*德国 0.297190373742*世界杯 0.15320969251*巴西 0.0917363985403*德国队 0.0750447993149*阿尔及利亚
0.306886614927*世界杯 0.25374346954*巴西 0.15599215817*时间 0.145956048519*体育 0.137421708845*北京
0.410424592676*世界杯 0.167962271268*法国 0.159052539356*德国 0.132702182616*尼日利亚 0.129858414084*中国队
0.24454025152*世界杯 0.209503167764*手机 0.198584041087*活动 0.174826245105*免费 0.172546294525*激情
0.328009931106*中国 0.182874119958*伤心 0.164006285056*巴西 0.16255483194*世界杯 0.16255483194*擎天
0.282972064548*参与 0.221388598311*大奖 0.209176341468*世界杯 0.15561795826*竞猜 0.130845037413*下载
0.399869827874*徐才厚 0.228148369163*开除党籍 0.128309624513*中共中央 0.128180734169*处分 0.11549144428*问题
0.279894181906*狗肉 0.189153373753*食物 0.187566048018*牛肉 0.177777765704*小时 0.165608630618*鸡蛋