0.228394404678*参与 0.211275304151*竞猜 0.206205946211*世界杯 0.183759807369*下注 0.170364537591*点击
0.342492013991*德国 0.247151238104*世界杯 0.21146128574*中国 0.10321780982*美国 0.0956776523454*韩国
0.236103787977*世界杯 0.198368287906*激情 0.195053518203*活动 0.192843836146*手机 0.177630569768*盛宴
0.301550285612*世界杯 0.253877072329*德国 0.200228892897*冠军 0.12992679541*下载 0.114416953753*猜中
0.480051466424*世界杯 0.162284998246*体育 0.131460275814*爱奇艺 0.126700653882*巴西 0.0995026056338*时间
0.25764752082*世界杯 0.217427068359*巴西 0.185250319115*时间 0.184545865761*阿根廷 0.155129225946*决赛
0.282506606988*世界杯 0.225725874654*免费 0.176728885193*小伙伴 0.160962048949*排名 0.154076584216*活动
0.46192351955*徐才厚 0.15337667684*决定 0.132304121808*开除党籍 0.126916126242*表态 0.12547955556*军区
0.312937255696*世界杯 0.24364114238*巴西 0.182205303376*进球 0.135740422128*观看 0.125475876421*小组赛
0.217169462034*大奖 0.206958983645*世界杯 0.194568461124*福利 0.191255405449*中奖 0.190047687749*中大奖
0.233765990926*世界杯 0.220672790113*法国 0.213487359539*德国 0.179955435576*竞猜 0.152118423847*参与
0.218975597163*世界杯 0.201214587684*预言 0.198006192856*赌球 0.192162267749*机会 0.189641354549*奖金
0.218197682502*球迷 0.201199499489*俱乐部 0.19897884336*现金 0.197755373058*支持 0.183868601591*国旗
0.204543195832*围观 0.203030839884*参加 0.202268769614*小伙伴 0.201481166062*现金 0.188676028608*世界杯
0.423758436099*世界杯 0.165455458605*德国 0.163501490562*巴西 0.125830499449*美国 0.121454115284*球迷
0.222084183926*德国 0.203201492203*哥伦比亚 0.196471678015*巴西 0.193760304199*荷兰 0.184482341657*法国
0.398315913398*变形金刚 0.196039301266*中国 0.162064093426*电影 0.13057181754*广告 0.11300887437*重生
0.205947701863*世界杯 0.202614906851*小伙伴 0.199025723211*巴西 0.197316637128*免费 0.195095030947*加入
0.299327645875*世界杯 0.230375435897*阿根廷 0.17363492856*梅西 0.167502288675*瑞士 0.129159700993*巴西
0.243946836096*世界杯 0.20440435568*中国队 0.191994196758*国际足联 0.186397343429*不行 0.173257268037*老公