0.413266112977*世界杯 0.184670539297*巴西 0.136710377313*球迷 0.133348771141*德国 0.132004199272*手机
0.286529244096*世界杯 0.246300968892*巴西 0.184726088574*内马尔 0.164153960182*哥伦比亚 0.118289738256*德国
0.335434640968*世界杯 0.228747703922*巴西 0.181710971549*内马尔 0.141900156754*德国 0.112206526807*哥伦比亚
0.209549981141*围观 0.207157913987*小伙伴 0.205962696815*现金 0.203529809402*世界杯 0.173799598655*大奖
0.389963323632*世界杯 0.180936748802*状元 0.161204727037*德国 0.150502622389*球迷 0.11739257814*足球
0.308757783599*世界杯 0.201743800858*法国 0.191438754582*发现 0.162505639906*中国队 0.135554021055*国际足联
0.262488611041*参与 0.258587877845*世界杯 0.207788274822*竞猜 0.139086906917*比利时 0.132048329375*下注
0.333735003819*世界杯 0.217246132154*德国 0.172163775219*法国 0.141604439268*法国队 0.135250649541*德国队
0.403752206957*变形金刚 0.163704967048*分手 0.161702534623*大师 0.160451107028*地球 0.110389184344*携手
0.26304448594*球迷 0.200776147363*关注 0.197672276567*支持 0.178467899479*俱乐部 0.160039190651*国旗
0.229806012386*免费 0.225593241193*世界杯 0.198272566952*流量 0.178293073043*小伙伴 0.168035106427*山东
0.350568480901*变形金刚 0.188279091292*徐才厚 0.187218307584*中国 0.149562990168*电影 0.124371130055*擎天柱
0.259353452184*最高 0.20530779292*中奖率 0.183173885293*人品 0.177182935992*世界杯 0.174981933611*现金
0.263599891367*世界杯 0.241020680974*德国 0.21991159725*巴西 0.150283861294*法国 0.125183969114*决赛
0.371369275771*变形金刚 0.161970473045*绝迹 0.160142060568*中国 0.159819591794*重生 0.146698598822*广告
0.280558392517*德国 0.22709865881*世界杯 0.21539991748*法国 0.144001826114*比赛 0.132941205079*德国队
0.250821128347*喜欢 0.206771600659*感觉 0.194609043245*奇谭 0.190006716353*古剑 0.157791511396*不错
0.204334801754*世界杯 0.199634399843*免费 0.199634399843*天气 0.199373359794*小伙伴 0.197023038766*加入
0.35420816695*世界杯 0.167253560992*荷兰 0.163984027172*哥斯达黎加 0.159456862655*下注 0.155097382231*竞猜
0.379036604899*奇谭 0.377086298999*古剑 0.0845623103639*发现 0.0800302679328*电视剧 0.0792845178047*看过