0.201393781046*意大 0.201121852212*英格 0.200544069699*阿根 0.200339990554*西班 0.19660030649*思路
0.235233253336*世界杯 0.232692083064*参与 0.21126713892*巴西 0.186258461248*德国 0.134549063433*竞猜
0.345731846165*世界杯 0.190007305915*巴西 0.164843553956*德国 0.164843553956*荷兰 0.134573740007*球队
0.290934596194*世界杯 0.219320836378*状元 0.187243659687*德国 0.16299945126*高考 0.139501456482*北京
0.325576915494*世界杯 0.204545057877*巴西 0.172799595598*观看 0.16071441269*进球 0.13636401834*高清
0.254250049484*选择 0.22834577819*好友 0.197839739477*竞猜 0.16933416318*参与 0.150230269669*比赛
0.273440215699*变形金刚 0.219399280398*地球 0.176905529812*携手 0.169284569261*保卫 0.160970404829*安全
0.284702527258*阿根廷 0.263047734864*世界杯 0.160466691876*荷兰 0.160327752855*决赛 0.131455293147*巴西
0.24529558478*世界杯 0.198796379714*巴西 0.197702418675*德国 0.18205683813*体验 0.176148778701*足彩
0.273632406925*奇谭 0.272181825491*古剑 0.271686245617*古剑 0.0960818774522*发现 0.0864176445152*追剧
0.3650564017*世界杯 0.182529040974*阿根廷 0.152624840271*比赛 0.152500501974*比利时 0.147289215081*梅西
0.204070889228*球迷 0.203938554013*支持 0.201956022678*俱乐部 0.197726705725*国旗 0.192307828356*德国队
0.428131689937*世界杯 0.183349647607*德国 0.167081838839*阿根廷 0.13779951838*球迷 0.0836373052378*中国队
0.359702252065*世界杯 0.201479163027*德国 0.170327643593*球迷 0.134917817488*巴西 0.133573123827*阿根廷
0.245873680968*世界杯 0.240954954445*免费 0.2331804719*小伙伴 0.141701231323*流量 0.138289661364*兑换
0.225799319132*世界杯 0.20748719214*荷兰 0.197371330354*点球 0.192571750074*巴西 0.1767704083*哥斯达黎加
0.250249221876*阿根廷 0.214029070856*世界杯 0.187786904052*荷兰 0.181999718754*德国 0.165935084462*决赛
0.408238509425*变形金刚 0.159212198772*电影 0.147835498774*中国 0.142865757109*重生 0.14184803592*绝迹
0.215433122987*现金 0.212737241785*世界杯 0.204761502681*小伙伴 0.202638708174*围观 0.164429424373*大奖
0.375732737871*世界杯 0.181360319731*德国 0.154702310573*足球 0.148615214769*荷兰 0.139589417056*阿根廷