0.207337627322*世界杯 0.207083772771*现金 0.204427915693*参加 0.194560281609*领 0.186590402606*小伙伴
0.232090334638*世界杯 0.224335615016*参加 0.185055358705*现金 0.182803682129*围观 0.175715009512*小伙伴
0.422092093782*世界杯 0.218747851626*巴西 0.18129974311*德国 0.0892820313596*球迷 0.0885782801215*比赛
0.243835790782*变形金刚 0.215917172942*地球 0.187454846957*安全 0.184372742348*携手 0.168419446971*希望
0.425107581381*变形金刚 0.155304924768*重生 0.154810285877*绝迹 0.144341403269*电影 0.120435804706*分手
0.287600796878*世界杯 0.188080193627*官方 0.186112132772*手机 0.180770403219*百度 0.157436473504*变形金刚
0.205525463861*小伙伴 0.201557051616*中大奖 0.20144372874*福利 0.199478527075*围观 0.191995228708*中奖
0.239069479364*球迷 0.213288858009*关注 0.188305786735*俱乐部 0.186710971209*支持 0.172624904683*选择
0.290470567044*奇谭 0.288931815961*古剑 0.28877026729*古剑 0.0828881994351*电视剧 0.0489391502701*李易峰
0.24670116684*活动 0.200659176325*中奖率 0.189390015938*世界杯 0.183342712658*小伙伴 0.179906928238*围观
0.359736963028*变形金刚 0.204134917646*电影 0.15190472323*奇谭 0.142982201288*古剑 0.141241194808*古剑
0.278034547438*世界杯 0.232416726943*德国 0.19292383934*阿根廷 0.156943458057*巴西 0.139681428222*决赛
0.214875484241*奥斯卡 0.200413291743*罗伯特 0.198347134879*希亚 0.194215123*雷德福 0.192148966137*拉博夫
0.220227797453*参与 0.217266587269*世界杯 0.207354969129*竞猜 0.177953113737*好友 0.177197532412*点击
0.376186368914*变形金刚 0.221771843249*中国 0.153438093577*广告 0.130660046096*植入 0.117943648164*电影
0.205874088558*小伙伴 0.203881832141*世界杯 0.200978976024*参加 0.195230205322*力 0.194034897955*围观
0.229131556642*变形金刚 0.210714982469*擎天柱 0.188950165717*大陆 0.186558367052*译名 0.184644928119*台湾
0.210680874856*现金 0.203560245902*红包 0.200890152909*领 0.192701349607*中奖 0.192167376726*力
0.200799376628*力 0.200500215699*中大奖 0.199684682052*福利 0.199575726944*中奖 0.199439998678*领
0.241015315497*世界杯 0.217656319074*小伙伴 0.215621068535*免费 0.171178959107*巴西 0.154528337787*天气