0.212281125887*德国 0.210891699157*阿根廷 0.198110670628*世界杯 0.193572361611*决赛 0.185144142718*冠军
0.286843564122*德国 0.218994714344*世界杯 0.204656153465*巴西 0.158684722503*决赛 0.130820845565*足球
0.393852370346*变形金刚 0.187322770792*电影 0.142230399138*重生 0.140858171494*绝迹 0.13573628823*大师
0.289759658394*世界杯 0.251492005378*荷兰 0.228146912445*阿根廷 0.121700653879*巴西 0.108900769905*德国
0.3428192182*世界杯 0.230478270732*德国 0.16246889518*阿根廷 0.132746381256*巴西 0.131487234632*荷兰
0.357832556131*世界杯 0.263176243722*球迷 0.161773033023*朋友 0.109612234927*比赛 0.107605932197*梅西
0.223590458979*世界杯 0.215977088023*赌球 0.197148050685*郭美美 0.187595404923*北京警方 0.17568899739*澳门
0.424086104779*世界杯 0.167440005976*免费 0.149505783358*活动 0.132962643225*巴西 0.126005462662*百度
0.349602390541*世界杯 0.218300711794*德国 0.182257156084*巴西 0.137524416986*足球 0.112315324595*阿根廷
0.21226317542*活动 0.205987613908*最高 0.201236812672*世界杯 0.190480348579*小伙伴 0.190032049421*围观
0.251185042674*阿根廷 0.227110324266*世界杯 0.205592623672*荷兰 0.158295639834*决赛 0.157816369553*巴西
0.268780863872*世界杯 0.230550516027*变形金刚 0.170951805863*中国 0.165442866964*手机 0.164273947273*官方
0.348851308147*奇谭 0.345774923292*古剑 0.119501328018*电视剧 0.105749082635*苏苏 0.0801233579094*李易峰
0.212389102087*世界杯 0.20174714045*围观 0.19838453828*小伙伴 0.194363542458*现金 0.193115676725*力
0.218178064574*小伙伴 0.209968830166*世界杯 0.208660317767*免费 0.181774827256*踢球 0.181417960238*天气
0.268155646222*球迷 0.20350424286*德国队 0.185545415105*支持 0.1769601761*国旗 0.165834519713*俱乐部
0.231293546917*竞猜 0.227936228864*世界杯 0.227783746826*参与 0.158248138742*下注 0.154738338651*点击
0.339825268606*世界杯 0.194797142751*德国 0.179464969038*巴西 0.154958278061*阿根廷 0.130954341544*决赛
0.290203337037*世界杯 0.198331089926*阿根廷 0.18697848784*巴西 0.163671957977*荷兰 0.16081512722*德国
0.20317449474*告诉 0.200545073065*红包 0.199585419002*中奖 0.198856160235*现金 0.197838852958*中大奖