0.397108105564*世界杯 0.222655119978*巴西 0.191329470236*球迷 0.10020827192*德国 0.0886990323017*中国
0.338386115564*世界杯 0.232662158383*巴西 0.183097977353*德国 0.126593738785*足球 0.119260009914*比赛
0.205211422982*围观 0.20398866012*领 0.200425782127*世界杯 0.199490502697*小伙伴 0.190883632073*现金
0.268361509295*世界杯 0.252541561215*小伙伴 0.165819451029*流量 0.156921201576*免费 0.156356276886*排名
0.205755377408*世界杯 0.202717758817*加入 0.200879338257*巴西 0.195923223714*小伙伴 0.194724301805*天气
0.233686865325*小伙伴 0.215723346977*现金 0.193269055046*世界杯 0.180271846356*红包 0.177048886296*领
0.213151553625*世界杯 0.206549925639*竞猜 0.196496350089*参与 0.196496350089*下注 0.187305820558*好友
0.200704723416*球迷 0.200704723416*支持 0.200201444565*关注 0.199748271891*俱乐部 0.198640836711*国旗
0.206909714592*红包 0.202959709613*中大奖 0.199451721998*中奖 0.198243107029*力 0.192435746768*福利
0.207955634118*大奖 0.206232772481*小伙伴 0.202037578053*世界杯 0.197992321762*围观 0.185781693585*福利
0.401067697658*变形金刚 0.21550780415*中国 0.138146918085*世界杯 0.133334042787*电影 0.11194353732*广告
0.245383393649*世界杯 0.221466288541*德国 0.205535662564*阿根廷 0.181364882027*决赛 0.14624977322*巴西
0.280588373863*世界杯 0.187475990287*参与 0.183820775801*竞猜 0.181896978702*冠军 0.166217881347*阿根廷
0.250803082397*世界杯 0.238714187055*巴西 0.216220123691*球衣 0.148432026994*中国队 0.145830579864*世界
0.301779978138*世界杯 0.252641158276*巴西 0.165002446722*德国 0.142567844405*体验 0.138008572459*足彩
0.351959083868*世界杯 0.196785271429*活动 0.156376899863*决赛 0.155175529296*地址 0.139703215544*免费
0.324046078511*变形金刚 0.171256120945*电影 0.170176233174*分手 0.169744223068*大师 0.164777344301*男孩
0.209164373038*红包 0.201813997779*力 0.197386479184*大奖 0.196183015012*福利 0.195452134988*现金
0.20438655622*告诉 0.204041313011*中奖 0.201374227243*中大奖 0.195193109002*现金 0.195004794524*福利
0.285580149724*奇谭 0.284823900258*古剑 0.284520937934*古剑 0.0839286581544*电视剧 0.0611463539294*苏苏