0.289944885262*世界杯 0.252688098605*活动 0.17318810208*最高 0.172720564994*小伙伴 0.11145834906*告诉
0.265701193929*球迷 0.224926567495*德国队 0.179040895523*关注 0.170521094397*支持 0.159810248656*俱乐部
0.227956685783*选择 0.217699592732*球迷 0.201331487512*支持 0.178197456249*关注 0.174814777725*德国队
0.431096362895*变形金刚 0.177841507035*电影 0.136077763719*重生 0.134093141877*绝迹 0.120891224474*大师
0.246071623126*世界杯 0.221120788607*免费 0.206959210645*小伙伴 0.174388136945*巴西 0.151460240677*加入
0.204122841214*领 0.203381009875*围观 0.202376131198*现金 0.19776239445*小伙伴 0.192357623263*世界杯
0.307784215422*状元 0.26223095708*骑士 0.200266131679*詹姆斯 0.125925978892*热火 0.103792716927*欧文
0.288521849972*奇谭 0.28677121784*古剑 0.28677121784*古剑 0.0690599126493*消息 0.068875801698*追剧
0.219730987144*世界杯 0.200215513849*现金 0.196776476823*围观 0.195740518393*领 0.18753650379*小伙伴
0.202960888289*中大奖 0.200686480942*力 0.200344218998*红包 0.198522602632*告诉 0.197485809139*福利
0.304023611958*世界杯 0.204634284519*德国 0.18036599249*巴西 0.178292886925*世界 0.132683224108*手机
0.322102909712*世界杯 0.219353210089*巴西 0.195213960884*球迷 0.146725780116*决赛 0.116604139199*俄罗斯
0.390189102425*世界杯 0.169865287862*现金 0.154585013169*小伙伴 0.142857989003*最高 0.142502607541*围观
0.277947805172*世界杯 0.216879570339*巴西 0.177890587844*荷兰 0.16945447149*德国 0.157827565156*阿根廷
0.224046710418*参与 0.217281592921*世界杯 0.206734309399*竞猜 0.179120537028*下注 0.172816850234*好友
0.215372033336*世界杯 0.197670617412*福利 0.196627851314*中奖 0.195700666148*现金 0.194628831791*告诉
0.221543734581*小伙伴 0.204899172231*世界杯 0.195303190917*领 0.190662308146*大奖 0.187591594125*围观
0.207073458164*佩戴 0.205080032696*国旗 0.198673980431*昵称 0.196994084884*站队 0.192178443825*红包
0.206208817141*现金 0.204364927511*站队 0.203913464973*昵称 0.193113897939*红包 0.192398892436*俱乐部
0.26450180242*世界杯 0.259364524036*德国 0.211181315223*巴西 0.145262516455*阿根廷 0.119689841866*比赛