0.455106545595*变形金刚 0.171686152141*电影 0.136223270622*重生 0.121025158484*大师 0.115958873159*分手
0.205371800478*中奖 0.203007311347*中大奖 0.198843944812*福利 0.196560257357*力 0.196216686006*红包
0.289999787752*世界杯 0.222628410758*决赛 0.183028745893*巴西 0.164171437144*德国 0.140171618453*阿根廷
0.204154158849*告诉 0.203752606513*世界杯 0.203063971512*红包 0.199678712707*力 0.18935055042*中大奖
0.270122358487*世界杯 0.190541133943*足彩 0.185652639377*体验 0.180764144812*德国 0.172919723381*彩票
0.305195640552*世界杯 0.227744799121*荷兰 0.204117641621*巴西 0.140392529038*德国 0.122549389668*决赛
0.236159311851*世界杯 0.196119916375*德国 0.195885721205*参与 0.194714980019*竞猜 0.17712007055*阿根廷
0.402451567167*世界杯 0.18366532244*小伙伴 0.17118115681*活动 0.150445105582*大奖 0.0922568480017*围观
0.272279802841*世界杯 0.261708218658*荷兰 0.188199210314*巴西 0.142839859825*球迷 0.134972908361*比赛
0.207783608937*福利 0.199499939674*告诉 0.198155720803*大奖 0.197467933359*力 0.197092797227*中大奖
0.204496131346*小伙伴 0.202971896004*领 0.201326084747*围观 0.200164762582*现金 0.191041125321*世界杯
0.280038205909*奇谭 0.27914901682*古剑 0.278946548882*古剑 0.0813061144065*追剧 0.0805601139832*相爱
0.226001385095*世界杯 0.20361046917*阿根廷 0.200046432593*球迷 0.199349155364*德国 0.170992557778*德国队
0.274227555994*世界杯 0.19746778069*荷兰 0.195447526434*巴西 0.181307647877*德国 0.151549489005*阿根廷
0.279550427468*荷兰 0.230588228485*巴西 0.210220383636*世界杯 0.142667927238*罗本 0.136973033172*季军
0.202798644559*现金 0.201880096139*红包 0.198712909095*俱乐部 0.198406258323*站队 0.198202091884*佩戴
0.395564578902*世界杯 0.19113224148*巴西 0.176880682109*荷兰 0.121615727148*德国 0.114806770361*决赛
0.225432576691*世界杯 0.214109136411*巴西 0.19914090758*季军 0.19731870882*布林德 0.163998670499*荷兰
0.218884033531*中国队 0.217930185225*巴西队 0.19575591577*告诉 0.19265608902*高考 0.174773776453*机会
0.224004285206*世界杯 0.219468960365*免费 0.21161497831*小伙伴 0.174336361423*巴西 0.170575414696*踢球