0.363051298776*马航 0.231494794734*MH17 0.157060085865*飞机 0.129276822327*专家 0.119116998297*航班
0.292295167337*马航 0.234330273786*MH17 0.173278869592*乘客 0.164300776735*荷兰 0.135794912551*客机
0.230237681126*奇谭 0.229250720666*古剑 0.184398060779*提醒 0.179906964044*消息 0.176206573384*视网
0.301961949313*马航 0.255988150479*击落 0.231648932832*客机 0.128264929406*乌克兰 0.0821360379698*俄罗斯
0.25622565125*马航 0.234542421499*MH370 0.214469727023*MH17 0.166380499978*灾难 0.128381700251*躲过
0.27586923906*世界杯 0.195358896895*德国 0.18612386266*参加 0.179730207264*小伙伴 0.162917794121*夺冠
0.461108266021*时代 0.160114045618*电影 0.136490607323*古剑 0.136490607323*奇谭 0.105796473714*刺金
0.20149457298*客机 0.201105118192*击落 0.199466632013*马航 0.19928618731*蜻蜓 0.198647489505*节目
0.233627862901*高考 0.215339047957*广西 0.205899533974*参加 0.197345339524*理科状元 0.147788215644*马航
0.248175808328*马航 0.20310874238*乌克兰 0.198019454062*MH17 0.176926826063*坠毁 0.173769169167*客机
0.297120275166*马航 0.234945390634*海南 0.226614408185*台风 0.132625274581*关注 0.108694651434*关心
0.31093702*马航 0.181589747265*导弹 0.170448454529*家属 0.169837083156*安全 0.167187695049*天堂
0.264267933724*马航 0.204782132713*乌克兰 0.198237193986*俄罗斯 0.178806214513*击落 0.153906525064*客机
0.23846832974*马航 0.223629859515*MH17 0.201511770234*马来西亚 0.168334952185*吉隆坡 0.168055088326*航空
0.494277246294*世界杯 0.151468849153*巴西 0.136133309687*中国 0.122567374689*德国 0.0955532201767*比赛
0.216700083162*世界杯 0.210900929392*围观 0.20950151362*最高 0.207286690234*现金 0.155610783593*小伙伴
0.280498829096*马航 0.198832742329*生命 0.197712425021*珍惜 0.17701534418*事件 0.145940659375*死亡
0.445151630921*马航 0.165282214275*MH17 0.147504094548*击落 0.121729667873*事件 0.120332392383*发生
0.338506876715*变形金刚 0.221380894902*时代 0.174302848093*京城 0.134292983495*重生 0.131516396795*绝迹
0.383150761482*马航 0.190951590193*击落 0.185439355968*客机 0.142381946495*事件 0.0980763458624*MH17