0.201172546317*蜻蜓 0.201131585555*节目 0.19991344813*不错 0.198926828052*击落 0.198855591945*客机
0.416227053823*马航 0.177429230797*转发 0.152996661252*获得 0.137290212827*飞机 0.1160568413*活动
0.347748595655*变形金刚 0.240848620235*时代 0.143274035619*京城 0.13616284565*电影 0.131965902841*分手
0.24815082537*台风 0.227141138416*马航 0.226712296734*海南 0.189248545207*关心 0.108747194273*遭遇
0.275111896585*马航 0.222414042039*乌克兰 0.177845115753*击落 0.174664310244*俄罗斯 0.149964635379*客机
0.534750960026*时代 0.174069525015*电影 0.10518235777*喜欢 0.09448927017*刺金 0.0915078870182*顾里
0.35471820084*古剑 0.350899184399*奇谭 0.100382428002*结婚 0.0974365802511*视网 0.0965636065084*追剧
0.388061133247*马航 0.180739121646*关注 0.175723139434*头条 0.134760369595*国家 0.120716236078*地方
0.371570816116*马航 0.235772313222*MH17 0.141695810747*客机 0.126150429772*现场 0.124810630144*遇难者
0.277417092968*马航 0.24632704738*MH17 0.174239948653*乌克兰 0.159378155127*客机 0.142637755872*航班
0.362183006208*马航 0.171939521553*瘫痪 0.155539401232*没水 0.155327584622*海南 0.155010486384*重要
0.369030015251*马航 0.187948335545*客机 0.159420662829*MH17 0.145995751584*事件 0.137605234791*击落
0.272779780773*马航 0.192240082507*珍惜 0.186230653187*死亡 0.17486465105*活着 0.173884832483*生命
0.271455101741*马航 0.221463934575*海南 0.192287971165*威马逊 0.160894149992*报道 0.153898842528*中国
0.321717892104*马航 0.282951992028*客机 0.232602695116*击落 0.0881598572331*MH17 0.0745675635189*乌克兰
0.322738741173*马航 0.224621997707*中国 0.158284922994*美国 0.151342405632*MH17 0.143011932495*国家
0.422509122293*马航 0.192352439136*飞机 0.173016018854*政府 0.109091519597*事件 0.103030900119*坠毁
0.240412057124*MH370 0.231253546254*马航 0.229250000706*MH17 0.156783261397*躲过 0.142301134519*荷兰
0.312729039995*马航 0.240388394243*MH17 0.164311901403*乌克兰 0.155821516705*坠毁 0.126749147654*现场
0.315752951217*马航 0.259134360035*击落 0.1773526717*客机 0.126680866116*俄罗斯 0.121079150932*乌克兰