0.330720702884*马航 0.223923085428*海南 0.206123428951*台风 0.120422164911*中国 0.118810617826*报道
0.337785575829*马航 0.230830847118*MH17 0.183275421588*客机 0.125389750481*乘客 0.122718404984*乌克兰
0.337486302706*马航 0.264398275536*击落 0.170764789132*客机 0.119737920305*MH17 0.10761271232*俄罗斯
0.240668353699*马航 0.229136463152*乌克兰 0.200501348594*武装 0.17342630263*MH17 0.156267531925*客机
0.383558977269*马航 0.219051812746*事件 0.156058320883*中国 0.125219727626*国家 0.116111161477*击落
0.327752854083*马航 0.214095545634*MH17 0.159121386198*航班 0.158550742818*遇难者 0.140479471268*艾滋病
0.368021596345*马航 0.174161398848*俄罗斯 0.153890406057*客机 0.153605080138*击落 0.150321518613*美国
0.225169325527*马航 0.203329657408*导弹 0.195733414915*乌克兰 0.192948025531*击落 0.182819576619*俄罗斯
0.368219317339*奇谭 0.364416535012*古剑 0.11889065468*电视剧 0.0922674341188*李易峰 0.0562060588502*苏苏
0.343423349042*马航 0.19195110731*市场 0.174078049641*事件 0.156869758073*发表 0.133677735935*客机
0.382178942326*变形金刚 0.199814714152*时代 0.154571068073*电影 0.148239996672*京城 0.115195278776*大师
0.437104557725*马航 0.177417252551*中国 0.172380246456*事件 0.109277513517*重要 0.103820429751*发表
0.348776212804*马航 0.206577802501*导弹 0.192646640077*MH17 0.126123382273*客机 0.125875962345*击落
0.277989813669*马航 0.249497969928*MH17 0.170886498592*马来西亚 0.160720089873*航班 0.140905627939*坠毁
0.274484248036*马航 0.194765362777*MH17 0.18638267239*客机 0.174835371505*坠毁 0.169532345292*国际
0.28196643117*马航 0.180026154518*MH17 0.180026154518*击落 0.179642680577*乌克兰 0.178338579218*俄罗斯
0.267299531243*中央 0.264618955695*巡视 0.208333153319*巡视组 0.138889554396*问题 0.120858805347*名单
0.320893505395*马航 0.20995161248*普京 0.180154911694*俄罗斯 0.155637568772*MH17 0.13336240166*调查
0.203942037657*客机 0.203324090844*击落 0.200111479742*马航 0.196576539035*节目 0.196045852722*不错
0.270591429048*马航 0.237615615409*击落 0.173925828975*客机 0.163493400679*乌克兰 0.154373725888*俄罗斯