0.245400161789*冰桶 0.202013043001*挑战 0.186393733501*验证 0.18327013792*贵金属 0.182922923789*现货
0.221664590537*捐款 0.19803435528*病 0.196779474841*关爱 0.192388229891*公益 0.191133349452*冻
0.314258762711*冰桶 0.270280448336*挑战 0.15158081551*活动 0.149445999298*慈善 0.114433974145*冰水
0.391550562527*冰桶 0.340522966135*挑战 0.101084509579*中国 0.0853836327202*公益 0.0814583290396*协会
0.241238841035*冰桶 0.237219143687*挑战 0.217690658342*参加 0.153936002143*英国 0.149915354793*女童
0.312367371393*冰桶 0.274844174123*挑战 0.163287722225*硬化症 0.125764524955*侧索 0.123736207304*患者
0.237336660486*挑战 0.196454380982*黄金 0.191389531822*冰桶 0.188495118391*投资 0.186324308319*介绍
0.205146511011*验证 0.199374788201*咨询 0.198893758416*纸黄金 0.198412728632*黄金 0.19817221374*黄金价格
0.285636896732*冰桶 0.268317790223*挑战 0.17532684837*冻 0.151079722188*关注 0.119638742487*罕见
0.297220844925*冰桶 0.254568380643*挑战 0.169940001308*活动 0.146244302235*中国 0.13202647089*巡视组
0.220281734766*罕见 0.21692388857*挑战 0.202484813658*病 0.191403584941*冰桶 0.168905978065*点名
0.209224112224*挑战 0.206708569584*冰桶 0.199161347042*精彩 0.198742139487*微信 0.186163831664*关注
0.295873612677*挑战 0.224068572175*冰桶 0.188830339335*专业 0.156916588198*白银 0.134310887615*投资
0.208671895955*冰桶 0.206503921967*微信 0.199457864583*挑战 0.192954226456*精彩 0.192412091039*关注
0.214871625786*现货 0.197942499546*纸黄金 0.197812249734*请加 0.196900501052*咨询 0.192473123882*纸
0.213940018103*挑战 0.209322585986*冰桶 0.204045950717*冰水 0.187555121725*浇 0.18513632347*名人
0.347047775476*巡视 0.209846309462*工作 0.192897853705*巡视组 0.125104030678*中央 0.125104030678*相关
0.307550788497*巡视 0.268035386586*时间 0.152924959405*电话 0.139180483623*回来 0.132308381889*走进
0.205859456525*冰桶 0.204289696304*挑战 0.196704015692*接受 0.196704015692*硬化症 0.196442815786*拍
0.216725191301*益 0.215896992006*成功 0.197681824525*参加 0.187124783331*侧索 0.182571208836*捐出