0.262920867704*马航 0.227446811951*越南 0.203686285015*中国 0.159662540048*消失 0.146283495283*网站
0.303834500577*马航 0.224511382122*失联 0.16817541066*北京 0.152454031694*马来西亚 0.151024674947*MH370
0.309548724208*马航 0.233493197355*飞机 0.213387582272*失联 0.126823585497*航班 0.116746910668*MH370
0.241198634611*昆明 0.237484019419*东莞 0.189193754243*世界 0.167412516355*领导 0.164711075373*时间
0.311733629726*欧冠 0.311076432086*欧冠 0.137495258377*决赛 0.121559368583*比赛 0.118135311229*巴萨
0.26075102721*马航 0.227508353577*失联 0.211937738229*中国 0.155215236848*李克强 0.144587644136*总理
0.395544390867*马航 0.192271982085*失联 0.171288462834*飞机 0.156868048136*祈福 0.0840271160775*白银
0.34312444668*昆明 0.231330166817*马航 0.15727633211*事件 0.139474852974*发生 0.128794201418*失联
0.263994730075*马航 0.202121115221*安保 0.180907747513*失联 0.179729104002*安全 0.173247303188*民警
0.347979552305*余额宝 0.245754106477*银行 0.164633478975*互联网 0.12662847563*金融 0.115004386613*收益
0.34545942338*昆明 0.219838490024*我是歌手 0.166466767359*事件 0.142612529231*火车站 0.125622790006*暴力
0.403341152436*打车 0.184270365557*软件 0.178891639695*司机 0.144580411148*出租车 0.0889164311642*手机
0.331687617618*马航 0.219037642404*失联 0.15886901022*MH370 0.147480461599*事件 0.142925268159*飞机
0.472102860426*昆明 0.161646150565*昆明市 0.12972044199*北京 0.127917252077*全国 0.108613294942*工作
0.268733642473*马航 0.246051992246*失联 0.169896780646*飞机 0.165159407703*客机 0.150158176932*海域
0.288323514934*马航 0.215362575049*中国 0.171784055202*希望 0.166061507464*飞机 0.158468347351*失联
0.248714986273*消息 0.2213184149*奶茶 0.194349525483*妹妹 0.178082305599*京东 0.157534767744*中国
0.281426384291*马航 0.269457182151*失联 0.177974414199*飞机 0.14254797801*航班 0.128594041348*MH370
0.229156679353*全国 0.21017835805*政府 0.207157094696*工作 0.191294491661*代表 0.162213376239*发展
0.220590435144*飞机 0.197831045302*恐怖分子 0.196274792237*爸爸 0.193697369783*玩微信 0.191606357534*带走