0.350798831329*昆明 0.200058568099*事件 0.186555328263*马航 0.138705829155*飞机 0.123881443155*发生
0.217814473191*中国 0.215259063422*关注 0.212703653653*报告 0.178632505493*市场 0.17559030424*经济
0.29883967287*马航 0.224350653514*失联 0.197504512258*飞机 0.152130396513*MH370 0.127174764846*雷达
0.299862131979*马航 0.21071574313*失联 0.17953773568*MH370 0.158642926704*雷达 0.151241462507*飞机
0.222544054586*马航 0.201921572593*失踪 0.195544278457*踪迹 0.193059441602*飞机 0.186930652761*李白
0.41349841868*欧冠 0.168578013867*比赛 0.166775877174*决赛 0.129423597179*时间 0.121724093101*北京
0.349884082008*余额宝 0.21476787482*银行 0.174942409407*互联网 0.148534548277*金融 0.111871085488*产品
0.300947557438*马航 0.264379619986*失联 0.191550505908*飞机 0.12904361287*客机 0.114078703798*MH370
0.289230962437*昆明 0.204741890547*马航 0.200534544829*长沙 0.168410400659*事件 0.137082201529*失联
0.24128047834*安保 0.238875331438*民警 0.184455976133*歹徒 0.170024152024*广西 0.165364062065*公安
0.340343664123*打车 0.183556270296*软件 0.177015216384*代表 0.149944922889*出租车 0.149139926308*司机
0.390367771984*马航 0.20327128127*飞机 0.201801145351*失联 0.111561163513*昆明 0.0929986378815*事件
0.287755747136*马航 0.250983808273*失联 0.165631281686*MH370 0.157965811403*航班 0.137663351501*飞机
0.341409543306*马航 0.220002361569*越南 0.1622350713*中国 0.14597094143*失联 0.130382082396*飞机
0.249012550023*马航 0.230589073954*投资 0.213481178026*白银 0.160842674972*祈福 0.146074523026*黄金
0.469463973512*我是歌手 0.154078479323*张杰 0.129046531509*邓紫棋 0.12408308094*歌手 0.123327934716*音乐
0.217744074094*飞机 0.212533036876*时间 0.196833700306*昆明 0.189907725655*恐怖分子 0.18298146307*爸爸
0.246246470301*马航 0.233474689343*打车 0.187094055183*昆明 0.169393298394*希望 0.163791486779*事件
0.22597328215*中国 0.214318719111*准备 0.191749074492*伊朗人 0.188049355403*意大利 0.179909568844*护照
0.523423183758*昆明 0.127880680301*事件 0.123042123238*发生 0.122120186646*昆明市 0.103533826057*工作