0.316422784865*马航 0.243250035598*失联 0.178761934801*飞机 0.131900446846*MH370 0.12966479789*客机
0.336267621016*欧冠 0.336059743419*欧冠 0.120029126965*比赛 0.104805557623*曼联 0.102837950978*决赛
0.542675694624*昆明 0.130221015982*昆明市 0.125205467463*火车站 0.111709571342*发生 0.0901882505887*工作
0.283857639078*马航 0.243260595731*飞机 0.227995692271*失联 0.13705817793*客机 0.10782789499*航班
0.233015701071*马航 0.209901638417*昆明 0.189754793283*飞机 0.186475130708*马来西亚 0.180852736522*东莞
0.300130777747*马航 0.214301113023*马来西亚 0.198775532304*失联 0.179750808102*飞机 0.107041768825*机长
0.280298846916*马航 0.221182247217*失联 0.176883525154*机长 0.167836654604*客机 0.153798726109*报道
0.263357028462*昆明 0.202332612177*中国 0.183346913546*工作 0.182804641623*北京 0.168158804192*城市
0.468345744119*打车 0.222256603234*司机 0.117320131936*软件 0.103545236997*出租车 0.0885322837133*手机
0.345954737803*马航 0.21857270287*失联 0.155203893937*飞机 0.147475788196*事件 0.132792877194*中国
0.359096471007*打车 0.189896541633*XP 0.163117012042*服务 0.14668393648*软件 0.141206038837*安全
0.295227520765*马航 0.221116629481*事件 0.186395972185*昆明 0.160609681769*失联 0.136650195801*飞机
0.364827612865*余额宝 0.242344147667*银行 0.1511379565*互联网 0.132983954478*金融 0.108706328491*产品
0.277958560296*马航 0.23933611065*飞机 0.170715469866*国家 0.162095873372*失踪 0.149893985816*马来西亚
0.301250137069*马航 0.275167223723*失联 0.167175304008*飞机 0.149176591385*客机 0.107230743816*马方
0.50689610942*我是歌手 0.155221532874*喜欢 0.126529262052*邓紫棋 0.120728158945*张杰 0.0906249367097*音乐
0.330358209898*马航 0.185979135168*越南 0.178028069213*失联 0.163483515793*飞机 0.142151069928*中国
0.372103371834*马航 0.221863385587*失联 0.162762991783*飞机 0.155897146022*事件 0.0873731047737*MH370
0.321148815532*马航 0.232928746921*中国 0.163814899079*护照 0.142715091541*失联 0.139392446927*雷达
0.296115066706*昆明 0.200456771628*昆明市 0.177042111466*老子 0.168190152012*五华区 0.158195898188*马航