0.225135027566*马航 0.212145804855*飞机 0.203720783246*失踪 0.185583870842*寻找 0.173414513491*马来西亚
0.472554198117*昆明 0.217162788615*昆明市 0.166495464571*云南 0.0785123951895*云南省 0.0652751535084*云南昆明
0.395604537133*余额宝 0.192621263412*支付 0.177007413108*银行 0.129197517722*互联网 0.105569268626*消费
0.318036946499*马航 0.219607277504*飞机 0.165490648585*北京 0.165098864375*时间 0.131766263037*打车
0.324007720219*马航 0.238633560538*失联 0.154237715037*客机 0.151666426926*飞机 0.13145457728*马来西亚
0.240365853774*昆明 0.230890378727*马航 0.192672079248*飞机 0.169299083621*东莞 0.166772604631*时间
0.218872338448*XP 0.209174047115*中国 0.199213558113*余额宝 0.197378930037*互联网 0.175361126286*市场
0.425199593496*打车 0.203033094508*司机 0.15970671394*软件 0.126129032149*出租车 0.085931565907*乘客
0.391939905269*昆明 0.191452568983*火车站 0.184999217753*事件 0.133515253066*发生 0.0980930549289*暴力
0.326259209832*马航 0.216336774075*失联 0.208679128972*飞机 0.143108160395*马来西亚 0.105616726727*航班
0.554464729636*昆明 0.119598413291*事件 0.111309975662*活动 0.107757626128*中国 0.106869255282*东莞
0.258947940784*马航 0.24603161688*中国 0.185729813264*失联 0.157096234413*国家 0.152194394659*卫星
0.304867543259*马航 0.240463456665*失联 0.183206642531*飞机 0.157550300486*客机 0.11391205706*航班
0.354579289663*马航 0.21760553404*飞机 0.199112492986*失联 0.152016116421*事件 0.0766865668896*马来西亚
0.223000836333*我是歌手 0.219567909792*昆明 0.193963777179*城管 0.183807814002*科长 0.179659662694*霸王餐
0.256162199657*昆明 0.214576591124*北京 0.203644261494*城市 0.190568221876*中国 0.13504872585*上海
0.335015024132*欧冠 0.333482513236*欧冠 0.123806524425*球队 0.122454890527*联赛 0.0852410476791*球员
0.287991118784*马航 0.228161239471*失联 0.169819579463*航班 0.165568806975*飞机 0.148459255307*MH370
0.267707049292*全国 0.226921513622*工作 0.187646725815*政府 0.16985569065*代表 0.147869020622*关注
0.351808852185*马航 0.197809408926*失联 0.159877516934*航班 0.145986823791*飞机 0.144517398163*乘客