0.283825942273*昆明 0.239690316077*北京 0.225836962012*中国 0.145619230291*消息 0.105027549346*机场
0.255257345309*昆明 0.213546860341*东莞 0.189305271469*回来 0.180392430466*马航 0.161498092415*朋友
0.2874293597*马航 0.217717449465*中国 0.197769286424*事件 0.164521903604*失联 0.132562000807*警方
0.389771848826*打车 0.194356148451*司机 0.154891030687*出租车 0.154466571633*软件 0.106514400403*我是歌手
0.277402659331*马航 0.215376062776*失联 0.189795246421*调查 0.171228505253*飞机 0.146197526219*中国
0.479620730768*昆明 0.140488008346*城市 0.127176417989*事件 0.126562113788*长沙 0.12615272911*成都
0.368531436807*马航 0.232922713996*失联 0.18891397583*飞机 0.112990693016*乘客 0.0966411803503*中国
0.32986985032*马航 0.228851062575*失联 0.164144004755*飞机 0.14306936072*航班 0.13406572163*客机
0.292913973259*马航 0.247668027415*失联 0.200294520804*客机 0.16519411258*飞机 0.0939293659414*印度洋
0.245270942355*李代沫 0.237592690081*吸毒 0.196628468788*歌手 0.161969772455*中国 0.158538126322*娱乐
0.289605036479*打车 0.196031865324*用户 0.186556093839*软件 0.168493103169*服务 0.15931390119*XP
0.276619432512*马航 0.195118467301*失联 0.191121943719*飞机 0.189694667709*卫星 0.14744548876*照片
0.414051250494*余额宝 0.173398619841*银行 0.160060480858*互联网 0.12878097666*金融 0.123708672146*支付
0.261698005977*中国 0.24945905786*马航 0.236500420485*专家 0.135350468926*失联 0.116992046752*社会
0.337651713275*马航 0.20991480597*飞机 0.179635311381*失联 0.13879334229*MH370 0.134004827084*国家
0.386444206988*马航 0.228440702519*失联 0.179897272363*飞机 0.105845243986*事件 0.0993725741433*MH370
0.325458922147*东莞 0.265091731934*丐帮 0.164479398276*乞讨 0.14010757901*老人 0.104862368633*幼童
0.520837617356*昆明 0.197461323517*昆明市 0.135016369171*云南 0.0771946678172*发生 0.0694900221385*工作
0.21266486545*马航 0.207421944217*飞机 0.19759156491*寻找 0.191775244087*帮忙 0.190546381336*失踪
0.318083778089*欧冠 0.317120354967*欧冠 0.137618619619*决赛 0.119572074128*比赛 0.107605173197*切尔西