0.315250259587*马航 0.226724276459*失联 0.218736889663*飞机 0.149014269037*客机 0.090274305254*卫星
0.434236689211*马航 0.164718301329*失联 0.152609571035*希望 0.148434533244*飞机 0.100000905181*乘客
0.262646550297*马航 0.21993811752*中国 0.193968986729*失联 0.164430870393*马来西亚 0.15901547506*祈祷
0.301909979977*欧冠 0.301395074996*欧冠 0.14956505714*决赛 0.124285707384*回合 0.122844180504*主场
0.501285710354*昆明 0.187640444424*昆明市 0.14685623921*云南 0.08788166853*发生 0.0763359374826*工作
0.473523910799*东莞 0.20188744944*丐帮 0.13674093317*昆明 0.0953051076793*社会 0.092542598911*老人
0.299822961048*昆明 0.223260766818*马航 0.189655409187*事件 0.152835427016*失联 0.134425435931*中国
0.321177366561*打车 0.268186598217*昆明 0.157496502862*城市 0.129893280562*司机 0.123246251798*软件
0.250672605443*马航 0.217274250558*飞机 0.196085590631*失踪 0.174717433098*马来西亚 0.16125012027*寻找
0.329728489926*马航 0.280213838549*失联 0.154304907624*飞机 0.124798273643*客机 0.110954490258*MH370
0.272971811482*马航 0.2245962296*失联 0.17934692518*飞行 0.162932124491*飞机 0.160152909247*客机
0.29085365178*马航 0.227468615132*失联 0.163354704406*客机 0.161896263733*飞机 0.156426764949*航班
0.218524433209*电话 0.212423605896*发现 0.193843527502*警方 0.188574860084*李代沫 0.186633573308*打车
0.312489394732*事件 0.23220409687*中国 0.185494966083*昆明 0.1707210201*马航 0.0990905222162*凤凰
0.280687964937*马航 0.239113783193*事件 0.190652214973*失联 0.147602067172*飞机 0.141943969725*信息
0.259175831413*马航 0.209033298805*马尔代夫 0.18850339948*航班 0.187383302951*失踪 0.155904167351*MH370
0.286472291881*我是歌手 0.183563096346*湖南卫视 0.182746426247*节目 0.179377266533*高清 0.167840918994*明星
0.353532897422*李代沫 0.32319007809*吸毒 0.12657745082*歌手 0.106798471512*声音 0.0899011021561*警方
0.361382525473*中国 0.171017929673*李代沫 0.166067292432*事件 0.151666108167*马航 0.149866144255*问题
0.429068067923*余额宝 0.163548088188*银行 0.144473720612*基金 0.136858306126*互联网 0.12605181715*理财