0.272005432876*马航 0.240620353221*失联 0.185185114013*飞机 0.178210694571*客机 0.123978405319*澳大利亚
0.383090041074*李代沫 0.294928010238*吸毒 0.10940804397*声音 0.108641512972*歌手 0.103932391747*明星
0.244997676023*马航 0.209101525102*中国 0.202039797953*家属 0.183013114758*失联 0.160847886164*政府
0.364876077307*我是歌手 0.210118387937*北京 0.157739559676*时间 0.133930583321*歌手 0.133335391759*邓紫棋
0.292063738143*欧冠 0.291863201863*欧冠 0.194127217902*曼联 0.127787116855*决赛 0.0941587252371*主场
0.212447162813*情人 0.209562991224*谎称 0.207787860978*老婆 0.185489156963*酒店 0.184712828022*北京
0.301195771692*台湾 0.278511621415*服贸 0.195652292911*学生 0.140832633702*大陆 0.0838076802809*协议
0.330677477717*打车 0.182854962945*东莞 0.164298176533*出租车 0.163755083254*软件 0.158414299551*司机
0.28642841835*打车 0.193479992549*嘀嘀 0.174981396536*公司 0.174526255654*用户 0.170583936911*腾讯
0.410029808648*余额宝 0.165015272085*银行 0.149235516303*互联网 0.140428433861*理财 0.135290969103*基金
0.463606029588*东莞 0.213056338673*丐帮 0.142038273928*乞讨 0.0977073814412*报道 0.0835919763712*扫黄
0.229077104515*马航 0.214614013695*失联 0.193521698852*澳大利亚 0.18557435885*发现 0.177212824088*客机
0.327474974548*马航 0.279159732621*飞机 0.147389687435*失踪 0.132260426224*失联 0.113715179173*马来西亚
0.320618826494*马航 0.250297707802*失联 0.212157027426*飞机 0.124638845441*美国 0.0922875928372*乘客
0.328715616158*马航 0.261604160731*失联 0.200511177632*飞机 0.113035185998*MH370 0.0961338594818*客机
0.314216835433*马航 0.249831364122*飞机 0.214620974979*失联 0.114354090373*事件 0.106976735092*头条
0.349758597317*马航 0.275984581193*失联 0.134966768313*飞机 0.128530763652*马来西亚 0.110759289525*中国
0.254262824455*马航 0.200194148693*马来西亚 0.186053039749*北京 0.186053039749*MH370 0.173436947354*酒店
0.330422227393*东莞 0.260606925545*中国 0.188986052274*消息 0.111948464733*转发 0.108036330056*公众
0.252952395096*马航 0.205262423705*航班 0.188966983422*机长 0.185827422175*飞行 0.166990775601*调查