0.326793128552*马航 0.22977162565*失联 0.168476750752*飞机 0.139405854215*黄金 0.135552640831*现货
0.276777665068*欧冠 0.27368186221*欧冠 0.154181126204*皇马 0.149227765363*曼联 0.146131581155*球队
0.421178876624*打车 0.201659336111*司机 0.149458534805*软件 0.1300994363*出租车 0.0976038161594*嘀嘀
0.363732648622*东莞 0.177387584072*李代沫 0.165024612464*服贸 0.153915552627*中国 0.139939602215*台湾
0.318615636458*马航 0.250675362313*失联 0.149786132471*客机 0.144514111633*飞机 0.136408757125*MH370
0.225389392273*邓紫棋 0.221623983085*我是歌手 0.19580429279*湖南卫视 0.183432320169*内定 0.173750011683*人气
0.290578935636*欧冠 0.280776832451*欧冠 0.164313327553*决赛 0.142050759183*北京 0.122280145177*主场
0.2951792485*马航 0.217330698604*失联 0.193830454524*飞机 0.162032151718*客机 0.131627446653*发现
0.432037327798*北京 0.256232683704*时间 0.120326854784*东莞 0.11409254479*世界 0.0773105889241*丽都
0.219102072513*欧冠 0.205445521776*欧冠 0.204335899199*巴萨 0.194690969519*皇马 0.176425536993*曼联
0.286916380706*欧冠 0.272175930566*欧冠 0.166886545638*拜仁 0.142933137077*皇马 0.131088006012*切尔西
0.43878210216*东莞 0.187573317462*东莞市 0.142643005807*消息 0.122098419283*广州 0.108903155287*京东
0.253261128658*马航 0.213236735053*马来西亚 0.204441874275*MH370 0.174256513938*酒店 0.154803748076*情人
0.245388478041*XP 0.222533771913*用户 0.20729743863*停止 0.17502049657*微软 0.149759814846*打车
0.233112103704*马航 0.214488517745*失联 0.214015147837*飞机 0.170139097927*竞猜 0.168245132786*时间
0.382458354104*时间 0.185934938663*欧冠 0.164741274092*北京 0.159924718459*欧冠 0.106940714683*联赛
0.377129166438*余额宝 0.183878676885*互联网 0.164621740914*银行 0.137185207881*收益 0.137185207881*理财
0.432147890158*我是歌手 0.209288920907*张杰 0.131925515543*曹格 0.115976836629*突围 0.110660836763*歌手
0.267203657814*欧冠 0.256381400549*欧冠 0.161157751579*切尔西 0.160275337288*曼联 0.15498185277*拜仁
0.205889886938*开会 0.203306561281*情人 0.201885891437*谎称 0.197235799075*老婆 0.191681861269*北京