0.343766387493*马航 0.173591505157*MH370 0.166572182175*乘客 0.16353682271*产品 0.152533102464*家属
0.314634350566*余额宝 0.197203426588*金融 0.165739991532*京东 0.164786397777*妹妹 0.157635833537*奶茶
0.292185932507*马航 0.210664212112*美国 0.195561979226*家属 0.181229811117*乘客 0.120358065039*MH370
0.329173885039*文章 0.197760282603*喜欢 0.188828983231*篇文章 0.166430600039*时间 0.117806249088*老师
0.310741525763*美剧 0.308458164863*美剧 0.156740779422*韩剧 0.121574804701*禁令 0.102484725252*中国
0.317436719489*马航 0.189157348676*马来西亚 0.184367727252*飞机 0.174371795554*失联 0.134666409029*航班
0.332974182521*马航 0.209043461671*中国 0.188894058723*事件 0.14347332634*马来西亚 0.125614970745*政府
0.416076812451*欧冠 0.209490290989*决赛 0.126192463444*联赛 0.125156340001*主场 0.123084093116*时间
0.292548640386*文章 0.24140736508*凤凰 0.168133086631*中国 0.150673994758*博报 0.147236913145*学生
0.388434371897*马航 0.21964653445*飞机 0.147347488321*MH370 0.122423177466*事件 0.122148427866*失联
0.321813048241*马航 0.205446410884*失联 0.174987648308*飞机 0.151200365187*客机 0.146552527379*MH370
0.364791990214*马航 0.18073044952*事件 0.169823001263*马来西亚 0.166641524801*中国 0.118013034203*国家
0.249667258103*我是歌手 0.207708292654*明星 0.192139776436*节目 0.176761173855*推出 0.173723498951*湖南卫视
0.459628905935*东莞 0.193256648405*东莞市 0.122594659639*消息 0.119881489804*文章 0.104638296217*广东
0.405569453643*打车 0.20376041429*司机 0.174791366366*软件 0.133844493853*出租车 0.0820342718484*刘汉
0.30647447185*马航 0.243598147458*失联 0.169460046528*MH370 0.156857704716*客机 0.123609629449*飞机
0.244323026002*余额宝 0.208135974496*XP 0.195600816977*平台 0.186376924617*推出 0.165563257908*用户
0.46437696066*文章 0.201097829761*篇文章 0.122032297984*阅读 0.109815380232*发表 0.102677531364*推荐
0.235711778803*消息 0.21779895267*分手 0.193631174905*李代沫 0.179698976802*博主 0.17315911682*猜测
0.398927121428*马航 0.16356337482*希望 0.156062063303*飞机 0.155392048781*世界 0.126055391669*生命