0.212337785275*凤凰 0.208538108931*博报 0.204738432586*文章 0.188645622347*人民网 0.185740050862*三峡
0.325732695239*文章 0.201874507582*学生 0.186423832807*游戏 0.146657050156*频道 0.139311914216*网易
0.30265706607*美剧 0.289939290781*美剧 0.16947726485*喜欢 0.120749433283*篇文章 0.117176945016*文章
0.235507525023*文章 0.207319798202*打车 0.189588925956*篇文章 0.187769815976*地方 0.179813934843*马航
0.365502689749*马航 0.235737362827*事件 0.206916883957*中国 0.096512715088*关注 0.0953303483801*需要
0.374751505425*马航 0.259671021582*文章 0.125246945518*中国 0.121312856864*事件 0.119017670611*飞机
0.399856602618*欧冠 0.196983969213*决赛 0.141376723986*北京 0.131716015414*时间 0.130066688769*主场
0.392438171596*余额宝 0.198876544133*互联网 0.166844195613*银行 0.126309980301*金融 0.115531108357*收益
0.247785567868*马航 0.203109633288*机长 0.194843612081*客机 0.180476421926*警方 0.173784764837*马来西亚
0.345212267502*马航 0.239666476693*马来西亚 0.148671701764*MH370 0.143294332882*事件 0.12315522116*失联
0.331027925822*打车 0.214126018915*软件 0.189448103561*司机 0.137751689865*补贴 0.127646261837*政策
0.254503319665*XP 0.218186823836*宣布 0.191592932605*马航 0.169860082468*服务 0.165856841426*安全
0.341553115938*美国 0.18410041841*全球 0.17286986596*香港 0.151288848832*凤凰 0.15018775086*美剧
0.463640981717*我是歌手 0.161011440436*邓紫棋 0.140582066512*张杰 0.119575656646*歌手 0.115189854689*半决赛
0.31690050403*马航 0.23094844805*飞机 0.186807122067*失联 0.136803631765*客机 0.128540294088*MH370
0.439937902441*东莞 0.199274418695*消息 0.137828765604*东莞市 0.11265304895*公司 0.11030586431*文章
0.377525326088*马航 0.187574336989*乘客 0.158184848825*MH370 0.156131833497*飞机 0.120583654602*失联
0.334458383549*马航 0.20040542397*MH370 0.184729785002*失联 0.142568111851*家属 0.137838295627*航班
0.252037771095*马航 0.221253644979*中国 0.202980150052*搜寻 0.16544863617*失联 0.158279797704*卫星
0.456182931798*文章 0.186554914347*东莞 0.139552291938*发表 0.111678816238*篇文章 0.106031045681*中国