0.31889897961*美剧 0.31889897961*美剧 0.129493903988*头条 0.124183545873*马航 0.108524590919*电影
0.227443540735*文章 0.227146766307*飞机 0.220716030414*马来西亚 0.178868431963*姚笛 0.145825230581*地方
0.230530923639*马云 0.213097678779*马航 0.192568064913*余额宝 0.185112911117*马化腾 0.178690421552*午马
0.245450799101*文章 0.232795195955*马航 0.183745985616*拯救 0.173040202755*飞机 0.164967816572*马来西亚
0.417058734464*我是歌手 0.181786252818*歌手 0.173920813943*邓紫棋 0.118336604694*张杰 0.108897594081*总决赛
0.446661804209*马航 0.193322896839*飞机 0.12265561347*失联 0.121530606799*事件 0.115829078683*马来西亚
0.237480851798*文章 0.209063634835*姚笛 0.190535948671*出轨 0.184777375463*马伊琍 0.178142189233*道歉
0.292107069469*马航 0.215601405064*失联 0.183478979867*客机 0.163095907756*MH370 0.145716637845*中国
0.300832554609*PX 0.221862950564*中国 0.194876447444*项目 0.143017337579*服贸 0.139410709803*台湾
0.35403148445*打车 0.229020608241*司机 0.182289344143*软件 0.123193461658*师傅 0.111465101508*上车
0.298514463815*欧冠 0.298073019114*欧冠 0.161662055552*决赛 0.120955522984*主场 0.120794938534*曼联
0.331683488286*文章 0.261161953077*姚笛 0.152334086668*出轨 0.131067366749*马伊琍 0.12375310522*马伊利
0.35641041475*文章 0.251015506421*马伊琍 0.207638805378*姚笛 0.0963533422821*出轨 0.0885819311685*马航
0.313689620894*XP 0.200852641192*停止 0.175556742097*用户 0.160208751413*电脑 0.149692244405*倒计时
0.365976549332*文章 0.208728529978*马伊琍 0.16443778917*出轨 0.14013527334*姚笛 0.12072185818*公关
0.279600200805*马航 0.248882184139*马来西亚 0.18250136265*客机 0.161198448004*失联 0.127817804403*调查
0.401134855786*文章 0.232642941945*马航 0.139667574551*马伊琍 0.119367374019*姚笛 0.107187253699*时间
0.39365992692*文章 0.193079572044*马伊琍 0.169167527481*姚笛 0.141504291675*事情 0.10258868188*出轨
0.248627151919*喜欢 0.240607185512*文章 0.204727525974*希望 0.171803121642*珍惜 0.134235014953*欧冠
0.243786438728*昆明 0.195705183737*马航 0.194703590961*东莞 0.192011492613*飞机 0.173793293961*春晚