0.223504560515*文章 0.217208746036*推荐 0.198845720731*地址 0.188352463524*篇文章 0.172088509195*下载
0.314295973769*马航 0.219461455596*失联 0.193963891663*客机 0.139066347744*搜寻 0.133212331227*飞机
0.277466790739*文章 0.26673749634*中国 0.183476393813*报道 0.144850547456*事件 0.127468771651*希望
0.255496496952*时间 0.212953920702*东莞 0.183795680077*喜欢 0.174474454249*了解 0.17327944802*篇文章
0.350948268546*马航 0.196300816458*事件 0.184346597912*中国 0.169750105408*马来西亚 0.0986542116756*失联
0.320843297959*欧冠 0.320617917168*欧冠 0.160140197846*决赛 0.112177516507*主场 0.0862210705203*时间
0.409825249375*文章 0.216440988047*出轨 0.168638620412*姚笛 0.106712125113*离婚 0.0983830170534*家庭
0.34064444669*马航 0.201389499476*飞机 0.179355100918*失联 0.148883595581*马来西亚 0.129727357335*客机
0.39175898844*文章 0.205537723029*姚笛 0.175878096494*出轨 0.143592001734*马伊琍 0.0832331903031*珍惜
0.313398592639*文章 0.21042510108*白银 0.184841874235*黄金 0.149984275665*现货 0.141350156381*出轨
0.427729865367*我是歌手 0.167235493693*邓紫棋 0.150653130763*歌王 0.129778129633*总决赛 0.124603380544*张杰
0.38695993458*文章 0.225463139429*姚笛 0.144509737832*出轨 0.124348087214*爱情 0.118719100946*马伊利
0.224889466348*东莞 0.221508107203*台湾 0.20257039359*文章 0.17551601643*美剧 0.17551601643*服贸
0.298583664539*XP 0.216333110011*微软 0.19106138685*系统 0.14718638706*用户 0.14683545154*停止
0.206319280599*喜欢 0.202762051623*飞机 0.201925038763*恋爱 0.196275428996*马航 0.19271820002*老师
0.259985797262*马航 0.224034294273*马云 0.173435760768*奥巴马 0.172437107907*马英九 0.17010703979*余额宝
0.436448834296*打车 0.204734799257*司机 0.140722363797*软件 0.123396812766*出租车 0.0946971898838*师傅
0.332184264262*马航 0.198033024774*失联 0.174497864885*飞机 0.159199947255*MH370 0.136084898824*客机
0.302365020541*PX 0.247128727941*事件 0.169269953334*项目 0.158819570311*政府 0.122416727874*市民
0.261223994257*文章 0.226600813603*美剧 0.218156161144*美剧 0.15974705104*出轨 0.134271979956*姚笛