0.331856606797*马航 0.192065449588*客机 0.166865531102*失踪 0.155117070017*航班 0.154095342497*发生
0.451306015316*打车 0.202094534801*司机 0.146597603393*出租车 0.116680025222*软件 0.083321821268*师傅
0.379266292426*XP 0.180406130765*微软 0.156106253074*服务 0.14411003204*系统 0.140111291695*黄金
0.334223145058*奶茶 0.278399215468*妹妹 0.152813316222*京东 0.129559235027*章泽天 0.105005088226*承认
0.304782281832*马航 0.194509958278*信号 0.171493290927*黑匣子 0.17064432987*失联 0.158570139093*搜寻
0.352120180273*马航 0.244242455621*失联 0.140276742615*飞机 0.136366537069*航班 0.126994084422*客机
0.381757020462*文章 0.214557120821*马航 0.161649041946*中国 0.121310888918*飞机 0.120725927853*事件
0.219707096555*北京 0.215071577064*联系 0.191164416525*失去 0.190528114741*航班 0.183528795115*飞往
0.313169062571*观看 0.222464438833*爱奇艺 0.180658808752*高清 0.161631485719*文章 0.122076204125*电视剧
0.243482051709*XP 0.203545390202*微软 0.188268113875*停止 0.185860098181*支持 0.178844346034*电脑
0.348100340805*美剧 0.347937827617*美剧 0.109542978012*喜欢 0.102889389961*美国 0.0915294636047*时间
0.210589066944*下载 0.204617699666*地址 0.199840878779*篇文章 0.193670496251*百度 0.191281858361*推荐
0.207810545355*XP 0.205834338089*服务 0.203213729467*退役 0.193375049672*微软 0.189766337417*攻击
0.426069743145*我是歌手 0.198556748382*邓紫棋 0.157420195819*歌手 0.112404783237*韩磊 0.105548529417*音乐
0.338843284796*马航 0.208001593913*失联 0.177179209473*飞机 0.149010328741*中国 0.126965583077*MH370
0.418763387534*文章 0.187062654176*出轨 0.175524637499*姚笛 0.15655897082*马伊琍 0.0620903499713*事件
0.551943203877*文章 0.125695761055*微刊 0.109746109746*篇文章 0.109014589678*上海 0.103600335645*问题
0.341285186671*欧冠 0.340392085689*欧冠 0.140453769963*决赛 0.0905676188004*主场 0.0873013388761*比赛
0.329620530332*PX 0.221603211666*学生 0.152144121678*词条 0.150334282505*项目 0.14629785382*清华
0.377195133977*东莞 0.258668898571*消息 0.147744116598*东莞市 0.11330266994*中国 0.103089180913*相关